1.156154292218864157e+03 1.135292582503787571e+03 3.131056027713249819e+02 5.003888673361733375e+00 3.172935281956919198e+02 4.824964718044895129e+00 3.206908099668502246e+02 5.001562918279492287e+00 3.172031482576538224e+02 4.826323438408695488e+00 1.085820315054912726e+03 1.066256442912300599e+03
1.135292582503787571e+03 1.115080570476355888e+03 3.023852789730124186e+02 4.876419632773650648e+00 3.064664419662940418e+02 4.681297733920950499e+00 3.103993387726719675e+02 4.774070819858648562e+00 3.070477615615858440e+02 4.659396980644898711e+00 1.067739454049808046e+03 1.048529807340400794e+03
3.131056027713249819e+02 3.023852789730124186e+02 2.364707002208176050e+02 7.093720798887973800e+00 2.385796583874081875e+02 7.006801307453239147e+00 2.243322076084806440e+02 7.520720365751300207e+00 2.216443828325733989e+02 7.107155195353056953e+00 2.568893541797295370e+02 2.541175494574279980e+02
5.003888673361733375e+00 4.876419632773650648e+00 7.093720798887973800e+00 9.365068985099929577e+00 7.384511976476511030e+00 8.988106317026996805e+00 5.329505126147807026e+00 8.589401322740334521e+00 5.178537481376783269e+00 8.793832329814161852e+00 5.873386576623651933e+00 6.535180149656031112e+00
3.172935281956919198e+02 3.064664419662940418e+02 2.385796583874081875e+02 7.384511976476511030e+00 2.407290512784212240e+02 7.276543219589289180e+00 2.264851103050951906e+02 7.765151714216039558e+00 2.237734826993294632e+02 7.365212292558045881e+00 2.606085014525323800e+02 2.578244022733921383e+02
4.824964718044895129e+00 4.681297733920950499e+00 7.006801307453239147e+00 8.988106317026996805e+00 7.276543219589289180e+00 8.655694808930281425e+00 5.126857179001072851e+00 8.326907839393612676e+00 4.970439518829340209e+00 8.489918417130857264e+00 5.521717018092898499e+00 6.148381597153990796e+00
3.206908099668502246e+02 3.103993387726719675e+02 2.243322076084806440e+02 5.329505126147807026e+00 2.264851103050951906e+02 5.126857179001072851e+00 2.172666759487325407e+02 5.285510562212293983e+00 2.148559263200148166e+02 5.117648407408099231e+00 2.670778311642776544e+02 2.643232311799123408e+02
5.001562918279492287e+00 4.774070819858648562e+00 7.520720365751300207e+00 8.589401322740334521e+00 7.765151714216039558e+00 8.326907839393612676e+00 5.285510562212293983e+00 8.154992458598682603e+00 5.102318255592735774e+00 8.222080667648372199e+00 5.215498142239740176e+00 5.779340181553479283e+00
3.172031482576538224e+02 3.070477615615858440e+02 2.216443828325733989e+02 5.178537481376783269e+00 2.237734826993294632e+02 4.970439518829340209e+00 2.148559263200148166e+02 5.102318255592735774e+00 2.124885283861401604e+02 4.953849560719294054e+00 2.642643275715739719e+02 2.615455675317603550e+02
4.826323438408695488e+00 4.659396980644898711e+00 7.107155195353056953e+00 8.793832329814161852e+00 7.365212292558045881e+00 8.489918417130857264e+00 5.117648407408099231e+00 8.222080667648372199e+00 4.953849560719294054e+00 8.350655463168591197e+00 5.368374123733123504e+00 5.971030320729882490e+00
1.085820315054912726e+03 1.067739454049808046e+03 2.568893541797295370e+02 5.873386576623651933e+00 2.606085014525323800e+02 5.521717018092898499e+00 2.670778311642776544e+02 5.215498142239740176e+00 2.642643275715739719e+02 5.368374123733123504e+00 1.033276641994059901e+03 1.013646886355225547e+03
1.066256442912300599e+03 1.048529807340400794e+03 2.541175494574279980e+02 6.535180149656031112e+00 2.578244022733921383e+02 6.148381597153990796e+00 2.643232311799123408e+02 5.779340181553479283e+00 2.615455675317603550e+02 5.971030320729882490e+00 1.013646886355225547e+03 9.949610132626913810e+02
