1.136755383797390778e+03 1.149300164839284889e+03 3.243893385763770993e+02 1.546962086873901043e+01 3.310725445677471157e+02 1.710695758320957793e+01 3.156186779089831589e+02 1.772563766229428595e+01 3.392822195382661903e+02 1.728784434048588992e+01 1.077501439289189193e+03 1.098005304138474230e+03
1.149300164839284889e+03 1.320064410645720272e+03 3.288903111557918919e+02 4.665112639371127301e+01 3.712454625256227700e+02 4.918340627807017995e+01 3.196624600562442424e+02 4.419941977289990831e+01 3.780195581897000920e+02 4.285419439006518871e+01 1.102522015956955556e+03 1.265652844735049484e+03
3.243893385763770993e+02 3.288903111557918919e+02 2.636836024614447069e+02 1.606125414948024499e+01 2.628065377168339296e+02 1.723049716161285971e+01 2.348682228087151032e+02 1.850296032981358252e+01 2.497557333169177127e+02 1.801039866461231043e+01 2.744601439296720855e+02 2.911525506922953355e+02
1.546962086873901043e+01 4.665112639371127301e+01 1.606125414948024499e+01 5.896945752664191787e+02 2.053043034775890163e+01 5.965857064432650532e+02 1.504327665770981071e+01 5.767492663275813811e+02 2.234522795860736721e+01 5.623396100008421854e+02 2.205586427800423976e+01 5.559059930198696264e+01
3.310725445677471157e+02 3.712454625256227700e+02 2.628065377168339296e+02 2.053043034775890163e+01 2.848700297235973267e+02 2.216421038444077496e+01 2.352363572998935979e+02 2.208620975916550933e+01 2.718912862052608830e+02 2.147674160826137424e+01 2.865731927799618006e+02 3.289133421449959087e+02
1.710695758320957793e+01 4.918340627807017995e+01 1.723049716161285971e+01 5.965857064432650532e+02 2.216421038444077496e+01 6.038133427789268808e+02 1.642426311249424487e+01 5.834022756452940257e+02 2.421637428436126527e+01 5.688694122107041267e+02 2.421280636834632460e+01 5.850847277804114555e+01
3.156186779089831589e+02 3.196624600562442424e+02 2.348682228087151032e+02 1.504327665770981071e+01 2.352363572998935979e+02 1.642426311249424487e+01 2.163504302684094114e+02 1.718144481386736899e+01 2.294252630812515861e+02 1.668014606177583303e+01 2.710675442783102085e+02 2.863978480164860798e+02
1.772563766229428595e+01 4.419941977289990831e+01 1.850296032981358252e+01 5.767492663275813811e+02 2.208620975916550933e+01 5.834022756452940257e+02 1.718144481386736899e+01 5.682580753987896287e+02 2.336529302059751956e+01 5.542453058318016019e+02 2.346596230458933263e+01 5.313222130295869050e+01
3.392822195382661903e+02 3.780195581897000920e+02 2.497557333169177127e+02 2.234522795860736721e+01 2.718912862052608830e+02 2.421637428436126527e+01 2.294252630812515861e+02 2.336529302059751956e+01 2.652125523706368426e+02 2.280019179357998027e+01 2.966852001755611923e+02 3.378408253266962902e+02
1.728784434048588992e+01 4.285419439006518871e+01 1.801039866461231043e+01 5.623396100008421854e+02 2.147674160826137424e+01 5.688694122107041267e+02 1.668014606177583303e+01 5.542453058318016019e+02 2.280019179357998027e+01 5.408688280015355758e+02 2.303215884592250262e+01 5.147390485490679168e+01
1.077501439289189193e+03 1.102522015956955556e+03 2.744601439296720855e+02 2.205586427800423976e+01 2.865731927799618006e+02 2.421280636834632460e+01 2.710675442783102085e+02 2.346596230458933263e+01 2.966852001755611923e+02 2.303215884592250262e+01 1.034730153264639512e+03 1.061662938257337146e+03
1.098005304138474230e+03 1.265652844735049484e+03 2.911525506922953355e+02 5.559059930198696264e+01 3.289133421449959087e+02 5.850847277804114555e+01 2.863978480164860798e+02 5.313222130295869050e+01 3.378408253266962902e+02 5.147390485490679168e+01 1.061662938257337146e+03 1.227448765448217273e+03
